size,time
2048,3.9077e-009
4096,1.57684e-008
8192,6.04161e-008
16384,2.40931e-007
32768,9.68744e-007
65536,3.88538e-006
131072,1.57228e-005
262144,2.975138683356412e-05
524288,6.0937739709082266e-05
1048576,0.00012331044546011854
2097152,0.0002480558569621911
4194304,0.0004975466799663362
8388608,0.0009965283259746266
16777216,0.001994491617991207
33554432,0.0039904182020243685
67108864,0.00798227137009069
134217728,0.015965977706223336
268435456,0.03193339037848862
536870912,0.0638682157230192
1073741824,0.12773786641208035
